   1.0000000e+00   1.0000000e+00   1.1418277e+00   1.1418277e+00   1.1743717e+00
   1.0000000e+00   2.0000000e+00   1.2013873e+00   1.2013873e+00   1.2339265e+00
   1.0000000e+00   3.0000000e+00   1.2233185e+00   1.2233185e+00   1.2564802e+00
   1.0000000e+00   4.0000000e+00   1.3258066e+00   1.3258066e+00   1.3595122e+00
   1.0000000e+00   5.0000000e+00   1.3564537e+00   1.3564537e+00   1.3908209e+00
   1.0000000e+00   6.0000000e+00   1.4797822e+00   1.4797822e+00   1.5136215e+00
   1.0000000e+00   7.0000000e+00   1.4660476e+00   1.4660476e+00   1.5001260e+00
   1.0000000e+00   8.0000000e+00   1.5131507e+00   1.5131507e+00   1.5481306e+00
   1.0000000e+00   9.0000000e+00   1.5615798e+00   1.5615798e+00   1.6148891e+00
   1.0000000e+00   1.0000000e+01   1.6093809e+00   1.6093809e+00   1.6603767e+00
   1.0000000e+00   1.1000000e+01   1.5844828e+00   1.5844828e+00   1.6425726e+00
   1.0000000e+00   1.2000000e+01   1.8063723e+00   1.8063723e+00   1.8426570e+00
   1.0000000e+00   1.3000000e+01   2.3196316e+00   2.3196316e+00   2.3766316e+00
   1.0000000e+00   1.4000000e+01   2.9022607e+00   2.9022607e+00   2.9980107e+00
   1.0000000e+00   1.5000000e+01   3.4001512e+00   3.4001512e+00   3.4911619e+00
   1.0000000e+00   1.6000000e+01   6.2130883e+00   6.2130883e+00   6.1076019e+00
   1.0000000e+00   1.7000000e+01   1.3802710e+01   1.3802710e+01   1.2672307e+01
   1.0000000e+00   1.8000000e+01   1.9596974e+01   1.9596974e+01   1.7779227e+01
   1.0000000e+00   1.9000000e+01   2.3846033e+01   2.3846033e+01   2.1567138e+01
   1.0000000e+00   2.0000000e+01   2.6828155e+01   2.6828155e+01   2.4239656e+01
   1.0000000e+00   2.1000000e+01   2.7895851e+01   2.7895851e+01   2.5198779e+01
   2.0000000e+00   1.0000000e+00   1.1424932e+00   1.1424932e+00   1.1750518e+00
   2.0000000e+00   2.0000000e+00   1.1940882e+00   1.1940882e+00   1.2266764e+00
   2.0000000e+00   3.0000000e+00   1.2292238e+00   1.2292238e+00   1.2624291e+00
   2.0000000e+00   4.0000000e+00   1.3111359e+00   1.3111359e+00   1.3450992e+00
   2.0000000e+00   5.0000000e+00   1.5076635e+00   1.5076635e+00   1.5419408e+00
   2.0000000e+00   6.0000000e+00   1.6813095e+00   1.6813095e+00   1.7161311e+00
   2.0000000e+00   7.0000000e+00   1.3397030e+00   1.5301393e+00   1.5907514e+00
   2.0000000e+00   8.0000000e+00   1.4222047e+00   1.6728044e+00   1.7382375e+00
   2.0000000e+00   9.0000000e+00   1.5045802e+00   1.8116399e+00   1.9339104e+00
   2.0000000e+00   1.0000000e+01   1.6186283e+00   2.0520022e+00   2.2467071e+00
   2.0000000e+00   1.1000000e+01   1.4562243e+00   1.9540413e+00   2.9803940e+00
   2.0000000e+00   1.2000000e+01   1.6346486e+00   2.2720317e+00   3.5464046e+00
   2.0000000e+00   1.3000000e+01   2.5497127e+00   3.7210095e+00   7.9620841e+00
   2.0000000e+00   1.4000000e+01   3.3478109e+00   5.1559749e+00   1.4253059e+01
   2.0000000e+00   1.5000000e+01   4.2570460e+00   6.4980963e+00   1.8638278e+01
   2.0000000e+00   1.6000000e+01   5.0965264e+00   7.6323744e+00   2.1413022e+01
   2.0000000e+00   1.7000000e+01   8.9544893e+00   1.3213368e+01   2.5226890e+01
   2.0000000e+00   1.8000000e+01   1.6886795e+01   2.3206389e+01   2.6213081e+01
   2.0000000e+00   1.9000000e+01   2.2107958e+01   2.7340689e+01   2.6224442e+01
   2.0000000e+00   2.0000000e+01   2.5290993e+01   2.8517945e+01   2.6200024e+01
   2.0000000e+00   2.1000000e+01   2.7471089e+01   2.8919658e+01   2.6193768e+01
   3.0000000e+00   1.0000000e+00   2.9307770e-01   2.9307770e-01   3.1102787e-01
   3.0000000e+00   2.0000000e+00   2.9660865e-01   2.9660865e-01   3.1468186e-01
   3.0000000e+00   3.0000000e+00   3.1366834e-01   3.1366834e-01   3.3193541e-01
   3.0000000e+00   4.0000000e+00   2.8204623e-01   3.3001120e-01   3.4814193e-01
   3.0000000e+00   5.0000000e+00   2.8491925e-01   3.7640732e-01   3.9607102e-01
   3.0000000e+00   6.0000000e+00   3.4297526e-01   4.8388077e-01   5.1535198e-01
   3.0000000e+00   7.0000000e+00   5.6138235e-01   8.2950057e-01   9.0838791e-01
   3.0000000e+00   8.0000000e+00   1.4695068e+00   2.1649336e+00   2.8610908e+00
   3.0000000e+00   9.0000000e+00   2.8938406e+00   4.2778204e+00   7.5387050e+00
   3.0000000e+00   1.0000000e+01   5.0220922e+00   7.6139819e+00   1.7340407e+01
   4.0000000e+00   1.0000000e+00   8.6634831e-01   1.2994695e+00   1.5195743e+00
   4.0000000e+00   2.0000000e+00   1.3308766e+00   1.9482280e+00   2.5966614e+00
   4.0000000e+00   3.0000000e+00   2.5089525e+00   3.1384172e+00   3.4555874e+00
   4.0000000e+00   4.0000000e+00   3.5065516e+00   4.1806722e+00   4.4748013e+00
   4.0000000e+00   5.0000000e+00   4.2047204e+00   5.0579385e+00   5.5513397e+00
   4.0000000e+00   6.0000000e+00   5.2589431e+00   6.1382347e+00   6.6267524e+00
   5.0000000e+00   1.0000000e+00   2.7716408e-01   3.2861027e-01   3.4666670e-01
   5.0000000e+00   2.0000000e+00   2.9510884e-01   4.0578023e-01   4.2744442e-01
   5.0000000e+00   3.0000000e+00   3.4212288e-01   4.8604813e-01   5.1902809e-01
   5.0000000e+00   4.0000000e+00   4.3947122e-01   6.2204964e-01   6.6863612e-01
   5.0000000e+00   5.0000000e+00   5.5674988e-01   7.9827987e-01   8.6322757e-01
   5.0000000e+00   6.0000000e+00   7.0131784e-01   9.8939781e-01   1.0739812e+00
   5.0000000e+00   7.0000000e+00   8.3762829e-01   1.1973115e+00   1.3297952e+00
   5.0000000e+00   8.0000000e+00   9.8281282e-01   1.4197547e+00   1.6513193e+00
   5.0000000e+00   9.0000000e+00   1.1835236e+00   1.6966217e+00   2.0355056e+00
   6.0000000e+00   1.0000000e+00   2.9563620e-01   9.2885218e-01   1.4539005e+00
   6.0000000e+00   2.0000000e+00   3.0387855e-01   9.5938467e-01   1.5305600e+00
   6.0000000e+00   3.0000000e+00   3.1481407e-01   7.4359326e-01   1.0947393e+00
   6.0000000e+00   4.0000000e+00   3.2960955e-01   7.7748725e-01   1.2083847e+00
   6.0000000e+00   5.0000000e+00   5.2807548e-01   1.0132030e+00   1.2965929e+00
   6.0000000e+00   6.0000000e+00   7.8521802e-01   1.1279082e+00   1.2735056e+00
   6.0000000e+00   7.0000000e+00   1.0765414e+00   1.3805405e+00   1.4331108e+00
   6.0000000e+00   8.0000000e+00   1.1542097e+00   1.4687281e+00   1.5255395e+00
   6.0000000e+00   9.0000000e+00   1.1938496e+00   1.4978309e+00   1.5572722e+00
   7.0000000e+00   1.0000000e+00   5.0363097e-01   7.3440847e-01   8.1444284e-01
   7.0000000e+00   2.0000000e+00   5.0275527e-01   7.3701498e-01   8.4361001e-01
   7.0000000e+00   3.0000000e+00   5.0767560e-01   7.4737087e-01   8.1530342e-01
   7.0000000e+00   4.0000000e+00   5.0947288e-01   7.6784993e-01   8.5998885e-01
   7.0000000e+00   5.0000000e+00   6.0694255e-01   8.6152634e-01   9.5727080e-01
   7.0000000e+00   6.0000000e+00   7.3223317e-01   9.5005751e-01   1.0766609e+00
   7.0000000e+00   7.0000000e+00   9.9829198e-01   1.1649583e+00   1.2195805e+00
   7.0000000e+00   8.0000000e+00   1.4919231e+00   1.4919231e+00   1.5254268e+00
   7.0000000e+00   9.0000000e+00   1.5131507e+00   1.5131507e+00   1.5481306e+00
   7.0000000e+00   1.0000000e+01   7.6160215e-01   1.0224366e+00   1.0619027e+00
   7.0000000e+00   1.1000000e+01   7.0158194e-01   9.8104820e-01   1.0521516e+00
   7.0000000e+00   1.2000000e+01   7.0221150e-01   9.8595878e-01   1.0043483e+00
   7.0000000e+00   1.3000000e+01   8.1085407e-01   1.0832835e+00   1.0990075e+00
   7.0000000e+00   1.4000000e+01   7.8028859e-01   1.1020341e+00   1.1148109e+00
   7.0000000e+00   1.5000000e+01   8.8470781e-01   1.1162982e+00   1.1887418e+00
   7.0000000e+00   1.6000000e+01   1.0743150e+00   1.2242234e+00   1.2774890e+00
   7.0000000e+00   1.7000000e+01   1.1684999e+00   1.2939713e+00   1.3483546e+00
   7.0000000e+00   1.8000000e+01   1.5844828e+00   1.5844828e+00   1.6425726e+00
   7.0000000e+00   1.9000000e+01   1.3589119e+00   1.7427459e+00   1.8461487e+00
   7.0000000e+00   2.0000000e+01   1.3492597e+00   1.7314063e+00   1.7499516e+00
   7.0000000e+00   2.1000000e+01   1.3348643e+00   1.7262127e+00   1.7961235e+00
   7.0000000e+00   2.2000000e+01   1.4183543e+00   1.7982018e+00   1.8532958e+00
   7.0000000e+00   2.3000000e+01   1.5261445e+00   1.8195155e+00   1.8463772e+00
   7.0000000e+00   2.4000000e+01   1.6338907e+00   1.8071077e+00   1.8834608e+00
   7.0000000e+00   2.5000000e+01   1.9015147e+00   1.9548747e+00   1.9958927e+00
   7.0000000e+00   2.6000000e+01   2.0527840e+00   2.0527840e+00   2.0957135e+00
   7.0000000e+00   2.7000000e+01   2.0395477e+00   2.0395477e+00   2.0823133e+00
   7.0000000e+00   2.8000000e+01   2.8389410e+00   3.1254964e+00   3.2874464e+00
   7.0000000e+00   2.9000000e+01   2.8215230e+00   3.1138786e+00   3.2680044e+00
   7.0000000e+00   3.0000000e+01   2.7052773e+00   3.0800155e+00   3.2468129e+00
   7.0000000e+00   3.1000000e+01   2.6301804e+00   3.0198289e+00   3.1902748e+00
   7.0000000e+00   3.2000000e+01   3.1491402e+00   3.2144342e+00   3.3480018e+00
   7.0000000e+00   3.3000000e+01   3.1336834e+00   3.2042055e+00   3.3787180e+00
   7.0000000e+00   3.4000000e+01   3.0836561e+00   3.2202296e+00   3.3077342e+00
   7.0000000e+00   3.5000000e+01   3.3512702e+00   3.3512702e+00   3.4423862e+00
   7.0000000e+00   3.6000000e+01   3.4007064e+00   3.4007064e+00   3.4911758e+00
   8.0000000e+00   1.0000000e+00   9.4225292e-01   1.3827239e+00   1.6034766e+00
   8.0000000e+00   2.0000000e+00   1.0399718e+00   1.4981027e+00   1.7360446e+00
   8.0000000e+00   3.0000000e+00   1.1017961e+00   1.5739500e+00   1.8978552e+00
   8.0000000e+00   4.0000000e+00   1.2454419e+00   1.7007572e+00   2.0662535e+00
   8.0000000e+00   5.0000000e+00   1.6226595e+00   2.0514703e+00   2.1716979e+00
   8.0000000e+00   6.0000000e+00   1.7549937e+00   2.1904214e+00   2.3088320e+00
   8.0000000e+00   7.0000000e+00   1.8615614e+00   2.2932216e+00   2.4546187e+00
   8.0000000e+00   8.0000000e+00   2.0667999e+00   2.5005872e+00   2.6026369e+00
   8.0000000e+00   9.0000000e+00   2.7515422e+00   2.9798396e+00   3.0237248e+00
   8.0000000e+00   1.0000000e+01   3.1795046e+00   3.3005542e+00   3.3459712e+00
   8.0000000e+00   1.1000000e+01   3.3438648e+00   3.4401467e+00   3.4863376e+00
   9.0000000e+00   1.0000000e+00   3.1372392e-01   3.4868153e-01   3.6725657e-01
   9.0000000e+00   2.0000000e+00   3.2750181e-01   4.5360539e-01   4.7797308e-01
   9.0000000e+00   3.0000000e+00   3.9886890e-01   5.4988597e-01   5.8327211e-01
   9.0000000e+00   4.0000000e+00   4.4079418e-01   6.4418552e-01   6.9721531e-01
   9.0000000e+00   5.0000000e+00   5.1062789e-01   7.5155569e-01   8.1770018e-01
   9.0000000e+00   6.0000000e+00   6.1069854e-01   8.7465916e-01   9.4415541e-01
   9.0000000e+00   7.0000000e+00   6.3100177e-01   9.4441038e-01   1.0566951e+00
   9.0000000e+00   8.0000000e+00   6.8731568e-01   1.0362787e+00   1.1832668e+00
   9.0000000e+00   9.0000000e+00   7.7940240e-01   1.1477933e+00   1.2971546e+00
   9.0000000e+00   1.0000000e+01   8.2892395e-01   1.2319774e+00   1.4239709e+00
